Energy Basin Atlas

center_state = [3.5, 4.0]
softmin_sharpness = 1.2500
terminal_time = 1.0000
grid_shape = 17 x 17
basin_count = 3
failure_edges = 0 / 1088

Basin summary:
 basin_id  seed_i  seed_j  seed_x1  seed_x2  seed_smoothed_local_mean_epd  node_count  mean_objective  mean_local_mean_epd  mean_cumulative_energy  min_cumulative_energy  max_cumulative_energy  mean_success_rate
        1       9       0   3.8125      1.5                      1.824730         172        8.263520             6.293815               12.672777               0.000000              48.457829                1.0
        2       0      16   1.0000      6.5                      1.838892         112        9.907174             5.698200               14.762276               4.407658              39.293666                1.0
        0       0       0   1.0000      1.5                      7.154986           5        4.202538             6.883493               17.113569              15.338275              18.617644                1.0

Node sample:
 i  j     x1     x2  objective  radius_from_center  cumulative_minimum_energy  local_mean_energy  local_mean_energy_per_distance  local_min_energy_per_distance  smoothed_local_mean_energy_per_distance  success_rate  basin_id  predecessor_i  predecessor_j
 0  0 1.0000 1.5000   3.624873            3.535534                  16.980269           2.089480                        6.686336                       6.510686                                 7.154986           1.0         0              1              0
 1  0 1.3125 1.5000   3.985723            3.321921                  15.338275           2.062783                        6.600904                       5.254382                                 7.216753           1.0         0              2              0
 2  0 1.6250 1.5000   4.442432            3.125000                  13.535344           2.247695                        7.192625                       5.769378                                 7.220065           1.0         1              3              0
 3  0 1.9375 1.5000   4.988306            2.948119                  11.547632           2.421507                        7.748824                       6.360680                                 6.858280           1.0         1              4              0
 4  0 2.2500 1.5000   5.593138            2.795085                   9.400239           2.626484                        8.404747                       6.871657                                 5.961826           1.0         1              5              0
 5  0 2.5625 1.5000   6.143836            2.670001                   8.430912           1.935552                        6.193765                       3.101848                                 4.639992           1.0         1              6              0
 6  0 2.8750 1.5000   6.414852            2.576941                   8.116770           0.385227                        1.232728                       0.995201                                 3.352969           1.0         1              6              1
 7  0 3.1875 1.5000   6.370008            2.519456                   7.645128           0.616197                        1.971832                       1.317375                                 2.420999           1.0         1              7              1
 8  0 3.5000 1.5000   6.231404            2.500000                   6.803150           0.582950                        1.865440                       1.385158                                 1.967454           1.0         1              8              1
 9  0 3.8125 1.5000   6.138644            2.519456                   6.661268           0.500245                        1.600784                       0.542001                                 1.824730           1.0         1              9              1
10  0 4.1250 1.5000   6.131986            2.576941                   6.958430           0.492260                        1.575233                       0.392915                                 1.930897           1.0         1             10              1
11  0 4.4375 1.5000   6.220530            2.670001                   7.694644           0.640196                        2.048626                       1.347940                                 2.262002           1.0         1             11              1
12  0 4.7500 1.5000   6.406214            2.795085                   8.711599           0.850131                        2.720420                       1.727588                                 2.834272           1.0         1             11              0
13  0 5.0625 1.5000   6.689445            2.948119                  10.000932           1.107060                        3.542591                       2.328433                                 3.566379           1.0         1             12              0
14  0 5.3750 1.5000   7.070311            3.125000                  11.572972           1.385271                        4.432867                       3.115441                                 4.320124           1.0         1             13              0
15  0 5.6875 1.5000   7.548828            3.321921                  13.433306           1.672659                        5.352508                       3.979823                                 4.914534           1.0         1             14              0
16  0 6.0000 1.5000   8.125000            3.535534                  15.585263           1.723975                        5.516721                       4.880641                                 5.186881           1.0         1             15              0
 0  1 1.0000 1.8125   4.142301            3.321921                  18.617644           2.087596                        6.680308                       5.088514                                 7.363473           1.0         0              1              1
 1  1 1.3125 1.8125   4.502586            3.093592                  16.707072           2.173878                        6.956411                       5.715828                                 7.394006           1.0         0              2              1
 2  1 1.6250 1.8125   4.956613            2.881108                  14.659122           2.345629                        7.506012                       6.407030                                 7.318175           1.0         1              3              1