minimum-energy Gaussian target scan

Summary by D:
   D  minimum_energy_mean  minimum_energy_std  minimum_energy_min  minimum_energy_max  terminal_error_mean  terminal_error_max
0.05             6.554165            0.056819            6.463914            6.635610             0.000012            0.000018
0.10             6.516637            0.101897            6.338127            6.686425             0.000019            0.000032
0.25             6.390589            0.344336            5.845777            6.880475             0.000029            0.000115
0.50             6.572441            0.771044            5.425342            7.849280             0.000100            0.000737
1.00             6.650648            1.422835            4.928298            8.998317             0.001109            0.005208
2.00             7.074279            2.339194            3.956223           10.354601             0.000227            0.001255

Full sample results:
   D  sample_index  target_guess_x1  target_guess_x2  terminal_x1  terminal_x2  terminal_error  minimum_energy
0.05             0         0.006287        -0.006605     0.006288    -0.006595    9.923376e-06        6.551124
0.05             1         0.032021         0.005245     0.032021     0.005244    5.205132e-07        6.526895
0.05             2        -0.026783         0.018080    -0.026781     0.018098    1.824587e-05        6.534997
0.05             3         0.065200         0.047354     0.065202     0.047367    1.351962e-05        6.463914
0.05             4        -0.035187        -0.063271    -0.035185    -0.063261    1.036030e-05        6.635610
0.05             5        -0.031164         0.002066    -0.031162     0.002075    8.904510e-06        6.555855
0.05             6        -0.116252        -0.010940    -0.116248    -0.010922    1.829917e-05        6.607336
0.05             7        -0.062296        -0.036613    -0.062293    -0.036597    1.669972e-05        6.614839
0.05             8        -0.027213        -0.015815    -0.027212    -0.015812    3.384399e-06        6.575571
0.05             9         0.020582         0.052126     0.020584     0.052141    1.605616e-05        6.475507
0.10             0        -0.012853         0.136646    -0.012848     0.136678    3.163215e-05        6.389310
0.10             1        -0.066519         0.035151    -0.066517     0.035168    1.674219e-05        6.531305
0.10             2         0.090347         0.009401     0.090348     0.009411    9.963316e-06        6.499883
0.10             3        -0.074350        -0.092173    -0.074348    -0.092161    1.177860e-05        6.686425
0.10             4        -0.045773         0.022020    -0.045769     0.022044    2.468945e-05        6.538141
0.10             5        -0.100962        -0.020918    -0.100959    -0.020899    1.845130e-05        6.612540
0.10             6        -0.015923         0.054085    -0.015921     0.054097    1.230109e-05        6.487846
0.10             7         0.021466         0.035537     0.021469     0.035558    2.057051e-05        6.494868
0.10             8        -0.065383        -0.012961    -0.065380    -0.012944    1.779602e-05        6.587927
0.10             9         0.078398         0.149343     0.078402     0.149373    3.035656e-05        6.338127
0.25             0        -0.314766         0.378481    -0.314748     0.378594    1.148613e-04        6.257841
0.25             1         0.336469         0.195328     0.336468     0.195327    1.239575e-06        6.196878
0.25             2         0.066114        -0.078481     0.066113    -0.078486    4.959167e-06        6.614671
0.25             3         0.364505         0.490065     0.364512     0.490117    5.313291e-05        5.845777
0.25             4         0.450409         0.328776     0.450409     0.328774    1.973728e-06        6.008256
0.25             5         0.089345        -0.302080     0.089344    -0.302088    8.661303e-06        6.880475
0.25             6        -0.001114         0.164119    -0.001108     0.164151    3.281811e-05        6.352330
0.25             7        -0.322090         0.098781    -0.322084     0.098821    4.053413e-05        6.577295
0.25             8         0.107466         0.174011     0.107471     0.174040    3.003893e-05        6.298157
0.25             9        -0.296029        -0.165426    -0.296029    -0.165425    9.855689e-07        6.874214
0.50             0        -0.218218        -0.584901    -0.218218    -0.584904    3.477875e-06        7.352862
0.50             1         0.869684        -0.247955     0.869684    -0.247959    3.876149e-06        6.643433
0.50             2         0.164485        -0.129286     0.164484    -0.129290    3.728545e-06        6.641935
0.50             3         0.791736         0.660180     0.791733     0.660160    2.043786e-05        5.557879
0.50             4         0.316676        -1.101755     0.316676    -1.101759    3.748993e-06        7.849280
0.50             5         0.026014         0.341843     0.026025     0.341911    6.825957e-05        6.135883
0.50             6         0.501981        -0.308954     0.501979    -0.308956    2.875079e-06        6.774574
0.50             7         0.911006        -0.660215     0.911005    -0.660215    9.508238e-07        7.174129
0.50             8        -0.330764         0.467525    -0.330739     0.467681    1.575372e-04        6.169094
0.50             9         0.024527         1.001196     0.024643     1.001924    7.365123e-04        5.425342
1.00             0         0.188519        -0.633194     0.188519    -0.633203    8.635009e-06        7.267468
1.00             1        -0.377564        -1.091146    -0.377563    -1.091140    6.448669e-06        8.068338
1.00             2        -1.277680         0.630411    -1.277640     0.630654    2.461264e-04        6.685863
1.00             3         0.581166         1.294559     0.581257     1.295237    6.840323e-04        4.928298
1.00             4        -0.754606         1.689107    -0.753755     1.694245    5.207676e-03        5.335158
1.00             5        -0.287388         1.574408    -0.286697     1.578622    4.270106e-03        5.070740
1.00             6        -0.432786        -0.735483    -0.432786    -0.735489    5.671619e-06        7.639305
1.00             7         0.249785         1.031453     0.249880     1.032074    6.285160e-04        5.298433
1.00             8         0.161010        -0.585529     0.161010    -0.585534    5.557248e-06        7.214564
1.00             9        -1.341220        -1.401520    -1.341224    -1.401543    2.270169e-05        8.998317
2.00             0         1.005366         1.979426     1.005282     1.979490    1.054694e-04        4.233009
2.00             1        -0.328589        -2.148730    -0.328590    -2.148735    5.350946e-06        9.470467
2.00             2         1.746084        -2.560788     1.746082    -2.560785    3.692961e-06        9.873395
2.00             3        -1.426136         1.242036    -1.425931     1.243273    1.254739e-03        6.297704
2.00             4        -4.500282         0.772739    -4.500264     0.772847    1.089069e-04       10.354601
2.00             5        -1.163282         0.218559    -1.163270     0.218634    7.579440e-05        6.999056
2.00             6        -0.151403         0.404229    -0.151382     0.404367    1.401485e-04        6.145358
2.00             7         1.388344        -1.516740     1.388338    -1.516731    1.035837e-05        8.345383
2.00             8         2.841964         1.452188     2.842003     1.452130    6.911354e-05        5.067597
2.00             9         1.687465         2.329728     1.687644     2.329263    4.983425e-04        3.956223