Energy Basin Atlas

center_state = [3.5, 4.0]
softmin_sharpness = 1.2500
terminal_time = 1.0000
grid_shape = 25 x 25
basin_count = 3
failure_edges = 0 / 2400

Basin summary:
 basin_id  seed_i  seed_j  seed_x1   seed_x2  seed_smoothed_local_mean_epd  node_count  mean_objective  mean_local_mean_epd  mean_cumulative_energy  min_cumulative_energy  max_cumulative_energy  mean_success_rate
        1      13       7 3.916667  1.916667                      2.092776         280       12.590612             7.581614               24.864083               0.000000             106.321657                1.0
        0       4       2 0.166667 -0.166667                      2.168224          94        3.775320             4.089911               18.373955              10.563631              28.811995                1.0
        2       6      17 1.000000  6.083333                      2.211518         251       12.633935             6.388253               24.033868               2.210820              98.420762                1.0

Node sample:
 i  j        x1   x2  objective  radius_from_center  cumulative_minimum_energy  local_mean_energy  local_mean_energy_per_distance  local_min_energy_per_distance  smoothed_local_mean_energy_per_distance  success_rate  basin_id  predecessor_i  predecessor_j
 0  0 -1.500000 -1.0   3.625000            7.071068                  23.817546           1.367437                        3.281850                       3.014540                                 2.948285           1.0         0              1              0
 1  0 -1.083333 -1.0   3.086806            6.782842                  21.886106           1.355847                        3.254032                       2.506280                                 2.789889           1.0         0              2              0
 2  0 -0.666667 -1.0   2.722222            6.508541                  20.289591           1.092578                        2.622188                       1.727571                                 2.499763           1.0         0              2              1
 3  0 -0.250000 -1.0   2.531250            6.250000                  19.113970           0.914799                        2.195518                       0.975288                                 2.264850           1.0         0              3              1
 4  0  0.166667 -1.0   2.513889            6.009252                  18.581311           0.894401                        2.146563                       0.875408                                 2.253573           1.0         0              4              1
 5  0  0.583333 -1.0   2.670139            5.788518                  18.873460           1.048986                        2.517567                       1.558833                                 2.528820           1.0         0              5              1
 6  0  1.000000 -1.0   3.000000            5.590170                  19.396433           1.297913                        3.114991                       2.437629                                 3.063091           1.0         0              6              1
 7  0  1.416667 -1.0   3.503470            5.416667                  19.889909           1.607322                        3.857573                       2.894542                                 3.776555           1.0         0              7              1
 8  0  1.833333 -1.0   4.180540            5.270463                  20.201930           1.952361                        4.685666                       3.558516                                 4.578070           1.0         0              8              1
 9  0  2.250000 -1.0   5.031123            5.153882                  20.231302           2.316641                        5.559939                       4.335309                                 5.355273           1.0         0              9              1
10  0  2.666667 -1.0   6.054538            5.068969                  19.763390           2.688985                        6.453565                       5.173328                                 5.954791           1.0         0             10              1
11  0  3.083333 -1.0   7.245337            5.017331                  18.909969           3.043359                        7.304061                       6.039309                                 6.253417           1.0         0             11              1
12  0  3.500000 -1.0   8.561888            5.000000                  17.428853           3.135844                        7.526025                       6.850920                                 6.245139           1.0         1             12              1
13  0  3.916667 -1.0   9.765051            5.017331                  16.754451           2.883237                        6.919767                       5.918603                                 6.111873           1.0         1             13              1
14  0  4.333333 -1.0  10.417149            5.068969                  18.222449           2.568149                        6.163559                       5.210464                                 6.065313           1.0         1             14              1
15  0  4.750000 -1.0  10.762653            5.153882                  20.111958           2.770861                        6.650069                       5.655103                                 6.233045           1.0         1             15              1
16  0  5.166667 -1.0  11.178216            5.270463                  22.514764           2.934810                        7.043544                       6.034638                                 6.583867           1.0         1             16              1
17  0  5.583333 -1.0  11.753181            5.416667                  25.445656           3.111609                        7.467860                       6.520791                                 7.053740           1.0         1             17              1
18  0  6.000000 -1.0  12.499964            5.590170                  28.826676           3.324357                        7.978459                       7.103969                                 7.598242           1.0         1             18              1
19  0  6.416667 -1.0  13.420134            5.788518                  32.595920           3.569253                        8.566205                       7.762883                                 8.210364           1.0         1             19              1